1000
97 395
77 478
71 756
12 565
178 719
181 730
85 895
71 755
150 606
178 718
137 275
9 19
382 765
317 635
152 305
1 1000
202 405
202 538
94 189
94 274
341 683
341 989
292 585
292 916
96 193
96 209
242 485
242 818
200 402
44 182
44 181
44 183
44 210
218 437
218 781
69 429
69 428
69 430
69 506
274 549
274 842
260 521
260 976
105 426
105 425
105 427
105 639
159 319
159 546
157 315
157 457
127 514
127 513
127 515
127 735
105 645
105 644
105 646
105 709
153 618
153 617
153 619
153 901
77 644
77 643
77 645
77 656
260 521
260 597
80 326
80 325
80 327
80 341
37 75
37 145
12 259
12 258
12 260
12 263
77 815
77 814
77 816
77 844
201 810
201 809
201 811
201 979
109 442
109 441
109 443
109 478
18 477
18 476
18 478
18 493
129 522
129 521
129 523
129 597
124 249
124 289
17 945
17 944
17 946
17 973
192 385
192 564
54 847
54 846
54 848
54 919
168 337
168 552
233 467
233 919
191 770
191 769
191 771
191 957
405 811
405 945
79 322
79 321
79 323
79 488
293 587
293 913
78 825
78 824
78 826
78 909
81 163
81 254
58 762
58 761
58 763
58 831
203 818
203 817
203 819
203 930
357 715
357 727
345 691
345 888
157 315
157 368
160 321
160 634
112 225
112 303
283 567
283 986
155 626
155 625
155 627
155 768
256 513
256 797
289 579
289 785
380 761
380 782
107 434
107 433
107 435
107 552
114 229
114 322
59 917
200 806
200 805
200 807
200 896
422 845
422 892
159 642
159 641
159 643
159 890
56 351
56 350
56 352
56 409
189 379
189 523
168 678
168 677
168 679
168 803
128 518
128 517
128 519
128 533
5 656
5 655
5 657
5 679
111 681
111 680
111 682
111 884
363 727
363 896
186 750
186 749
186 751
186 864
266 533
266 793
359 719
359 966
206 413
206 530
115 948
115 947
115 949
115 983
20 371
20 370
20 372
20 385
36 73
36 96
40 651
40 650
40 652
40 709
145 291
145 554
24 504
24 503
24 505
24 573
47 630
47 629
47 631
47 643
163 327
163 543
150 606
150 605
150 607
150 857
85 525
85 524
85 526
85 657
380 761
380 875
383 767
383 876
28 568
28 567
28 569
28 633
395 791
395 930
341 683
341 833
73 147
73 176
231 463
231 755
65 548
65 547
65 549
65 632
349 699
349 775
268 537
268 687
79 489
79 488
79 490
79 530
192 774
192 773
192 775
192 918
56 875
56 874
56 876
56 896
109 219
109 304
242 974
242 973
242 975
242 993
226 453
226 752
150 915
150 914
150 916
150 931
60 246
60 245
60 247
60 259
224 449
224 640
194 782
194 781
194 783
194 859
117 235
117 414
293 587
293 843
78 483
78 482
78 484
78 586
149 601
149 603
149 684
19 423
19 425
19 481
49 308
49 310
49 338
206 535
290 637
230 627
210 845
210 847
210 967
232 746
11 539
11 541
11 544
297 721
26 709
26 711
26 746
326 727
156 618
249 547
21 455
21 457
21 519
92 763
92 765
92 782
26 899
26 901
26 953
130 525
130 527
130 530
216 596
186 749
186 751
186 963
408 869
11 685
11 687
11 692
447 979
86 715
86 717
86 863
112 686
112 688
112 758
337 736
303 821
227 624
45 185
45 187
45 281
106 265
94 578
94 580
94 621
64 398
64 400
64 509
255 873
125 764
125 766
125 782
14 139
14 141
14 144
65 845
65 847
65 999
196 789
196 791
196 905
216 869
216 871
216 1000
68 422
68 424
68 544
225 477
288 900
42 569
42 571
42 578
121 489
121 491
121 555
74 301
74 303
74 406
210 492
38 521
38 523
38 589
11 539
11 541
11 594
2 10
220 758
70 744
70 746
70 816
207 577
183 696
47 193
47 195
47 198
90 747
90 749
90 887
214 685
19 128
19 130
19 168
138 557
138 559
138 612
40 444
40 446
40 450
339 732
34 384
34 386
34 441
320 872
100 405
100 407
100 552
301 763
69 281
69 283
69 311
26 899
26 901
26 992
81 675
81 677
81 786
73 297
73 299
73 353
10 735
457 994
149 522
19 179
19 181
19 199
9 24
223 780
26 709
26 711
26 739
234 725
134 437
329 978
188 718
303 911
354 890
259 961
160 645
160 647
160 867
342 855
198 491
210 642
197 788
229 671
222 448
51 124
183 541
106 650
106 652
106 762
11 764
11 766
11 805
356 805
382 836
160 645
160 647
160 833
464 998
82 333
82 335
82 437
4 428
4 430
4 461
105 425
105 427
105 562
10 332
10 334
10 379
329 915
74 784
74 786
74 850
293 718
172 693
172 695
172 878
262 685
466 995
42 578
324 955
231 731
400 835
74 804
118 837
415 961
109 835
84 844
385 955
148 964
116 793
117 417
82 782
234 963
287 667
296 926
37 377
87 499
33 319
142 540
83 189
55 740
57 845
18 335
151 557
205 632
94 232
140 401
237 971
34 518
62 186
130 268
113 427
198 726
49 929
387 855
127 350
200 612
392 869
140 456
82 521
333 678
102 898
213 453
34 314
61 526
105 869
462 957
114 385
35 294
37 876
82 192
34 364
176 473
415 845
395 819
5 466
233 879
335 959
252 656
155 998
22 117
112 653
81 400
76 348
268 646
4 429
40 437
94 853
203 861
38 326
287 968
193 596
134 748
145 849
230 464
103 749
187 418
14 714
197 970
177 799
352 787
70 616
251 818
44 742
168 881
110 899
282 665
291 902
170 677
25 696
276 683
244 520
306 892
34 588
96 342
71 934
56 283
204 539
216 545
100 412
378 993
88 809
23 122
211 889
76 428
54 853
46 859
1 196
235 682
76 829
30 419
257 579
75 248
120 981
114 839
85 398
34 927
175 418
61 485
344 733
245 837
385 787
270 958
235 831
27 244
85 654
36 579
285 951
28 805
201 942
240 632
269 946
129 882
17 98
184 409
73 433
21 990
259 566
272 776
158 673
184 996
128 962
131 462
305 615
106 266
76 864
87 763
268 761
177 749
284 761
32 106
76 766
242 884
188 386
315 693
228 806
355 898
55 846
224 759
435 980
159 494
48 859
459 986
52 649
148 537
237 635
268 945
78 802
174 551
333 845
82 477
132 513
212 606
447 903
466 971
227 977
294 782
68 144
148 649
18 203
93 795
43 572
20 286
93 430
347 743
211 637
412 965
312 709
94 191
332 749
18 923
60 187
98 426
123 584
291 861
215 824
7 768
97 740
72 452
91 688
30 802
208 770
135 410
11 996
72 895
38 475
199 684
64 545
66 479
66 600
48 731
60 244
75 370
270 871
69 845
213 434
41 708
270 890
181 515
385 785
221 803
435 952
88 883
220 594
193 684
93 923
321 692
77 467
178 740
29 398
382 823
17 944
4 950
178 391
195 577
218 685
267 625
230 847
41 547
92 536
388 825
422 944
133 282
300 638
69 843
230 829
193 888
127 291
340 803
2 151
247 848
31 508
112 435
260 923
392 866
132 646
227 950
335 795
358 831
33 233
380 897
361 899
133 867
365 763
316 992
70 818
206 496
41 770
72 447
223 861
11 430
151 639
88 752
28 506
170 434
380 992
221 848
166 865
329 661
116 312
220 732
116 708
165 539
350 708
138 945
319 696
163 342
15 490
139 951
67 317
171 995
150 976
277 916
83 760
241 967
301 701
218 980
244 799
122 551
68 304
89 937
71 307
153 727
218 571
9 47
203 590
23 312
20 186
388 810
183 976
12 156
179 620
73 226
113 793
248 762
446 903
93 529
23 176
250 961
267 717
144 953
103 746
149 934
44 334
41 637
246 597
380 898
349 923
292 986
385 829
195 848
12 985
341 830
228 470
2 637
262 615
37 320
56 522
28 736
104 854
230 829
77 464
111 337
29 379
213 615
173 673
443 903
89 246
76 350
9 99
32 779
251 929
298 901
220 820
365 732
253 525
219 723
7 70
222 488
150 996
189 816
46 209
19 236
264 816
93 638
373 848
330 679
165 545
6 979
48 375
388 847
42 300
28 850
217 662
79 481
53 169
73 815
206 821
142 367
260 772
58 331
133 366
36 208
281 830
18 793
250 795
26 738
336 741
6 418
328 970
41 599
159 343
40 357
56 966
99 377
203 525
439 934
226 799
107 640
165 807
33 673
18 493
174 625
28 156
39 122
271 636
103 234
297 598
148 964
284 915
207 733
304 723
156 767
50 118
121 551
359 738
12 882
76 421
314 657
234 795
220 830
111 857
191 796
2 18
65 634
339 773
67 515
94 953
232 554
363 861
334 963
270 789
21 922
47 731
9 388
20 625
236 901
59 511
200 725
139 934
371 822
19 815
251 618
139 592
163 789
28 149
330 999
373 877
195 850
91 209
330 925
84 978
47 906
95 767
4 515
32 962
180 993
6 751
268 658
54 885
181 985
253 689
12 811
136 292
178 785
71 810
103 329
431 865
152 483
20 426
164 641
169 497
125 805
245 794
